9.8335e-16,-0.015491,0.025275
-6.47e-12,0.025733,0.099403
-2.5592e-11,0.14755,0.31845
-5.6929e-11,0.34718,0.67743
-1.0004e-10,0.62185,1.1713
-1.545e-10,0.96878,1.7952
-2.1987e-10,1.3852,2.544
-2.957e-10,1.8683,3.4127
-3.8157e-10,2.4153,4.3963
-4.7703e-10,3.0235,5.4899
-5.8166e-10,3.69,6.6885
-6.9501e-10,4.4121,7.9869
-8.1665e-10,5.187,9.3804
-9.4614e-10,6.012,10.864
-1.0831e-09,6.8841,12.432
-1.2269e-09,7.8008,14.08
-1.3774e-09,8.7591,15.804
-1.5339e-09,9.7564,17.597
-1.6961e-09,10.79,19.455
-1.8636e-09,11.856,21.373
-2.0358e-09,12.954,23.346
-2.2124e-09,14.079,25.37
-2.393e-09,15.229,27.438
-2.577e-09,16.401,29.546
-2.7641e-09,17.593,31.689
-2.9537e-09,18.801,33.862
-3.1456e-09,20.024,36.06
-3.3392e-09,21.257,38.278
-3.5342e-09,22.499,40.511
-3.73e-09,23.746,42.754
-3.9262e-09,24.997,45.002
-4.1225e-09,26.247,47.25
-4.3183e-09,27.494,49.493
-4.5132e-09,28.736,51.726
-4.7068e-09,29.969,53.944
-4.8987e-09,31.192,56.142
-5.0884e-09,32.4,58.315
-5.2755e-09,33.592,60.458
-5.4595e-09,34.764,62.566
-5.64e-09,35.914,64.634
-5.8166e-09,37.039,66.657
-5.9889e-09,38.137,68.63
-6.1563e-09,39.203,70.548
-6.3185e-09,40.237,72.407
-6.4751e-09,41.234,74.2
-6.6255e-09,42.192,75.923
-6.7694e-09,43.109,77.571
-6.9063e-09,43.981,79.14
-7.0358e-09,44.806,80.623
-7.1574e-09,45.581,82.017
-7.2708e-09,46.303,83.315
-7.3754e-09,46.97,84.514
-7.4709e-09,47.578,85.607
-7.5567e-09,48.125,86.591
-7.6326e-09,48.608,87.459
-7.6979e-09,49.024,88.208
-7.7524e-09,49.371,88.832
-7.7955e-09,49.646,89.326
-7.8268e-09,49.846,89.685
-7.846e-09,49.968,89.904
-7.8524e-09,50.009,89.978
-7.8524e-09,50.009,89.978
0.14671,49.944,89.978
0.57352,49.754,89.978
1.2604,49.449,89.979
2.1874,49.037,89.979
3.3344,48.528,89.979
4.6815,47.929,89.979
6.2087,47.251,89.98
7.8959,46.501,89.98
9.7231,45.69,89.981
11.67,44.825,89.981
13.718,43.915,89.982
15.845,42.97,89.982
18.032,41.999,89.983
20.26,41.009,89.983
22.507,40.011,89.984
24.755,39.013,89.985
26.982,38.023,89.985
29.169,37.052,89.986
31.297,36.107,89.986
33.344,35.197,89.987
35.291,34.332,89.987
37.119,33.521,89.988
38.806,32.771,89.988
40.333,32.093,89.989
41.68,31.494,89.989
42.827,30.985,89.989
43.754,30.573,89.99
44.441,30.268,89.99
44.868,30.078,89.99
45.015,30.013,89.99
45.015,30.013,89.99
45.161,30.078,89.99
45.588,30.268,89.99
46.274,30.573,89.99
47.2,30.985,89.989
48.347,31.494,89.989
49.693,32.093,89.989
51.219,32.771,89.988
52.905,33.521,89.988
54.731,34.332,89.987
56.677,35.197,89.987
58.723,36.107,89.986
60.849,37.052,89.986
63.035,38.023,89.985
65.261,39.013,89.985
67.507,40.011,89.984
69.753,41.009,89.983
71.979,41.999,89.983
74.165,42.97,89.982
76.291,43.915,89.982
78.337,44.825,89.981
80.283,45.69,89.981
82.109,46.501,89.98
83.795,47.251,89.98
85.322,47.929,89.979
86.668,48.528,89.979
87.814,49.037,89.979
88.74,49.449,89.979
89.427,49.754,89.978
89.853,49.944,89.978
90,50.009,89.978
90,50.009,89.978
89.926,49.968,89.904
89.707,49.846,89.685
89.348,49.646,89.326
88.853,49.371,88.832
88.229,49.024,88.208
87.48,48.608,87.459
86.611,48.125,86.591
85.627,47.578,85.607
84.533,46.97,84.514
83.333,46.303,83.315
82.034,45.581,82.017
80.64,44.806,80.623
79.156,43.981,79.14
77.587,43.109,77.571
75.938,42.192,75.923
74.213,41.234,74.2
72.419,40.237,72.407
70.56,39.203,70.548
68.641,38.137,68.63
66.667,37.039,66.657
64.643,35.914,64.634
62.573,34.764,62.566
60.464,33.592,60.458
58.32,32.4,58.315
56.146,31.192,56.142
53.947,29.969,53.944
51.728,28.736,51.726
49.493,27.494,49.493
47.249,26.247,47.25
45,24.997,45.002
42.751,23.746,42.754
40.507,22.499,40.511
38.273,21.257,38.278
36.053,20.024,36.06
33.854,18.801,33.862
31.68,17.593,31.689
29.536,16.401,29.546
27.427,15.229,27.438
25.358,14.079,25.37
23.333,12.954,23.346
21.359,11.856,21.373
19.44,10.79,19.455
17.581,9.7564,17.597
15.787,8.7591,15.804
14.063,7.8008,14.08
12.413,6.8841,12.432
10.844,6.012,10.864
9.36,5.187,9.3804
7.9658,4.4121,7.9869
6.6667,3.69,6.6885
5.4675,3.0235,5.4899
4.3733,2.4153,4.3963
3.3892,1.8683,3.4127
2.52,1.3852,2.544
1.7708,0.96878,1.7952
1.1467,0.62185,1.1713
0.6525,0.34718,0.67743
0.29333,0.14755,0.31845
0.074167,0.025733,0.099403
0,-0.015491,0.025275
